	0
	1973790
	8355711
	16777215
	16731212
	16711680
	5832704
	1638400
	16760172
	16733184
	5840128
	2562816
	16777036
	16776960
	5855488
	1644800
	8978252
	5570304
	1923328
	1321728
	5046092
	65280
	22784
	6400
	5046110
	65305
	22797
	6402
	5046152
	65365
	22813
	7954
	5046199
	65433
	22837
	6418
	5030911
	43519
	16722
	4121
	5015807
	22015
	7513
	2073
	5000447
	255
	89
	25
	8867071
	5505279
	1638500
	983088
	16731391
	16711935
	5832793
	1638425
	16731271
	16711764
	5832733
	2228243
	16717056
	10040576
	7950592
	4416512
	211200
	22325
	21631
	255
	17743
	2425036
	8355711
	2105376
	16711680
	12451629
	11529478
	6618889
	1084160
	65415
	43519
	11007
	4129023
	7995647
	11672189
	4202752
	16730624
	8970502
	7536405
	65280
	3931942
	5898097
	3735500
	5999359
	3232198
	8880105
	13835775
	16711773
	16744192
	12169216
	9502464
	8609031
	3746560
	1330192
	872504
	1381674
	1450074
	6896668
	11010058
	14569789
	14182940
	16769318
	10412335
	6796559
	1973808
	14483307
	8454077
	10131967
	9332479
	4210752
	7697781
	14745599
	10485760
	3473408
	1757184
	475648
	12169216
	4141312
	11755264
	4920578